0	Apr 01, 2008
1	May 01, 2008
2	Jun 02, 2008
3	Jul 01, 2008
4	Aug 01, 2008
5	Sep 02, 2008
6	Oct 01, 2008
7	Nov 03, 2008
8	Dec 01, 2008
9	Jan 02, 2009
10	Feb 02, 2009
11	Mar 02, 2009
12	Apr 01, 2009
13	May 01, 2009
14	Jun 01, 2009
15	Jul 01, 2009
16	Aug 03, 2009
17	Sep 01, 2009
18	Oct 01, 2009
19	Nov 02, 2009
20	Dec 01, 2009
21	Jan 04, 2010
22	Feb 01, 2010
23	Mar 01, 2010
24	Apr 01, 2010
25	May 03, 2010
26	Jun 01, 2010
27	Jul 01, 2010
28	Aug 02, 2010
29	Sep 01, 2010
30	Oct 01, 2010
31	Nov 01, 2010
32	Dec 01, 2010
33	Jan 03, 2011
34	Feb 01, 2011
35	Mar 01, 2011
36	Apr 01, 2011
37	May 02, 2011
38	Jun 01, 2011
39	Jul 01, 2011
40	Aug 01, 2011
41	Sep 01, 2011
42	Oct 03, 2011
43	Nov 01, 2011
44	Dec 01, 2011
45	Jan 03, 2012
46	Feb 01, 2012
47	Mar 01, 2012
48	Apr 02, 2012
49	May 01, 2012
50	Jun 01, 2012
51	Jul 02, 2012
52	Aug 01, 2012
53	Sep 04, 2012
54	Oct 01, 2012
55	Nov 01, 2012
56	Dec 03, 2012
57	Jan 02, 2013
58	Feb 01, 2013
59	Mar 01, 2013
60	Apr 01, 2013
